# generated by PrusaSlicer 2.2.0+win64 on 2021-01-15 at 16:45:58 UTC

[snapshot]
id = 20210115T164557Z
time_captured = 20210115T164557Z
slic3r_version_captured = 2.2.0+win64
comment = 
reason = upgrade

[presets]
print = Media
filament = Ender3Roja
printer = Ender3Roja

[Vendor:Creality]
version = 0.0.2
min_slic3r_version = 0.0.0
max_slic3r_version = 2147483647.2147483647.2147483647
model_ENDER3 = 0.4

[Vendor:PrusaResearch]
version = 1.1.12
min_slic3r_version = 2.2.0-alpha3
max_slic3r_version = 2147483647.2147483647.2147483647
model_MINI = 0.4
model_MK2.5 = 0.4
model_MK2.5MMU2 = 0.4
model_MK2.5S = 0.4
model_MK2.5SMMU2S = 0.4
model_MK2S = 0.4
model_MK2SMM = 0.4
model_MK3 = 0.4
model_MK3MMU2 = 0.4
model_MK3S = 0.4
model_MK3SMMU2S = 0.4
model_SL1 = default
